MinuteUTC,Open,High,Low,Close,NumTicks,Completed
2025-08-27T21:59:00+00:00,1.163755,1.163755,1.163755,1.163755,1,0
2025-08-27T21:59:00+00:00,1.163755,1.163755,1.163735,1.163735,2,0
2025-08-27T21:59:00+00:00,1.163755,1.163755,1.16373,1.16373,3,0
2025-08-27T21:59:00+00:00,1.163755,1.163755,1.16373,1.16373,4,0
2025-08-27T21:59:00+00:00,1.163755,1.163755,1.16373,1.16373,5,0
2025-08-27T21:59:00+00:00,1.163755,1.163755,1.16373,1.16373,6,0
2025-08-27T21:59:00+00:00,1.163755,1.163755,1.16373,1.163745,7,0
2025-08-27T21:59:00+00:00,1.163755,1.163755,1.16373,1.163745,8,0
2025-08-27T21:59:00+00:00,1.163755,1.163755,1.16373,1.16374,9,0
2025-08-27T21:59:00+00:00,1.163755,1.163755,1.16373,1.16374,9,1
2025-08-27T22:00:00+00:00,1.16379,1.16379,1.16379,1.16379,1,0
2025-08-27T22:00:00+00:00,1.16379,1.1638199999999999,1.16379,1.1638199999999999,2,0
2025-08-27T22:00:00+00:00,1.16379,1.163865,1.16379,1.163865,3,0
2025-08-27T22:00:00+00:00,1.16379,1.163865,1.16379,1.163865,4,0
2025-08-27T22:00:00+00:00,1.16379,1.163885,1.16379,1.163885,5,0
2025-08-27T22:00:00+00:00,1.16379,1.163885,1.16379,1.16387,6,0
2025-08-27T22:00:00+00:00,1.16379,1.163885,1.16379,1.163875,7,0
2025-08-27T22:00:00+00:00,1.16379,1.163885,1.16379,1.16387,8,0
2025-08-27T22:00:00+00:00,1.16379,1.1639249999999999,1.16379,1.1639249999999999,9,0
2025-08-27T22:00:00+00:00,1.16379,1.1639249999999999,1.16379,1.1638950000000001,10,0
2025-08-27T22:00:00+00:00,1.16379,1.1639249999999999,1.16379,1.1638950000000001,11,0
2025-08-27T22:00:00+00:00,1.16379,1.1639249999999999,1.16379,1.1638899999999999,12,0
2025-08-27T22:00:00+00:00,1.16379,1.1639249999999999,1.16379,1.1638899999999999,13,0
2025-08-27T22:00:00+00:00,1.16379,1.1639249999999999,1.16379,1.1638899999999999,14,0
2025-08-27T22:00:00+00:00,1.16379,1.1639249999999999,1.16379,1.1638899999999999,15,0
2025-08-27T22:00:00+00:00,1.16379,1.1639249999999999,1.16379,1.163905,16,0
2025-08-27T22:00:00+00:00,1.16379,1.1639249999999999,1.16379,1.163905,17,0
2025-08-27T22:00:00+00:00,1.16379,1.1639249999999999,1.16379,1.163905,18,0
2025-08-27T22:00:00+00:00,1.16379,1.1639249999999999,1.16379,1.163905,19,0
2025-08-27T22:00:00+00:00,1.16379,1.1639249999999999,1.16379,1.163905,20,0
2025-08-27T22:00:00+00:00,1.16379,1.1639249999999999,1.16379,1.163905,21,0
2025-08-27T22:00:00+00:00,1.16379,1.1639249999999999,1.16379,1.163905,22,0
2025-08-27T22:00:00+00:00,1.16379,1.1639249999999999,1.16379,1.163905,23,0
2025-08-27T22:00:00+00:00,1.16379,1.1639249999999999,1.16379,1.16391,24,0
2025-08-27T22:00:00+00:00,1.16379,1.1639249999999999,1.16379,1.163915,25,0
2025-08-27T22:00:00+00:00,1.16379,1.1639249999999999,1.16379,1.16392,26,0
2025-08-27T22:00:00+00:00,1.16379,1.1639249999999999,1.16379,1.16392,27,0
2025-08-27T22:00:00+00:00,1.16379,1.1639249999999999,1.16379,1.163905,28,0
2025-08-27T22:00:00+00:00,1.16379,1.1639249999999999,1.16379,1.163905,29,0
2025-08-27T22:00:00+00:00,1.16379,1.1639249999999999,1.16379,1.163905,30,0
2025-08-27T22:00:00+00:00,1.16379,1.16395,1.16379,1.16395,31,0
2025-08-27T22:00:00+00:00,1.16379,1.16395,1.16379,1.16395,32,0
2025-08-27T22:00:00+00:00,1.16379,1.16395,1.16379,1.16395,33,0
2025-08-27T22:00:00+00:00,1.16379,1.16395,1.16379,1.16395,34,0
2025-08-27T22:00:00+00:00,1.16379,1.16395,1.16379,1.16395,35,0
2025-08-27T22:00:00+00:00,1.16379,1.16395,1.16379,1.16394,36,0
2025-08-27T22:00:00+00:00,1.16379,1.16395,1.16379,1.16394,37,0
2025-08-27T22:00:00+00:00,1.16379,1.16395,1.16379,1.16394,38,0
2025-08-27T22:00:00+00:00,1.16379,1.16395,1.16379,1.16394,39,0
2025-08-27T22:00:00+00:00,1.16379,1.16395,1.16379,1.16394,40,0
2025-08-27T22:00:00+00:00,1.16379,1.16395,1.16379,1.16394,41,0
2025-08-27T22:00:00+00:00,1.16379,1.16395,1.16379,1.16394,42,0
2025-08-27T22:00:00+00:00,1.16379,1.16395,1.16379,1.16395,43,0
2025-08-27T22:00:00+00:00,1.16379,1.16395,1.16379,1.16395,44,0
2025-08-27T22:00:00+00:00,1.16379,1.16395,1.16379,1.16395,45,0
2025-08-27T22:00:00+00:00,1.16379,1.16395,1.16379,1.16395,46,0
2025-08-27T22:00:00+00:00,1.16379,1.16395,1.16379,1.16395,47,0
2025-08-27T22:00:00+00:00,1.16379,1.16395,1.16379,1.163945,48,0
2025-08-27T22:00:00+00:00,1.16379,1.16395,1.16379,1.163945,49,0
2025-08-27T22:00:00+00:00,1.16379,1.16395,1.16379,1.163945,50,0
2025-08-27T22:00:00+00:00,1.16379,1.16395,1.16379,1.163945,51,0
2025-08-27T22:00:00+00:00,1.16379,1.16395,1.16379,1.163945,52,0
2025-08-27T22:00:00+00:00,1.16379,1.16395,1.16379,1.163945,53,0
2025-08-27T22:00:00+00:00,1.16379,1.16395,1.16379,1.163945,54,0
2025-08-27T22:00:00+00:00,1.16379,1.16395,1.16379,1.163945,55,0
2025-08-27T22:00:00+00:00,1.16379,1.16395,1.16379,1.163945,56,0
2025-08-27T22:00:00+00:00,1.16379,1.1639650000000001,1.16379,1.1639650000000001,57,0
2025-08-27T22:00:00+00:00,1.16379,1.16397,1.16379,1.16397,58,0
2025-08-27T22:00:00+00:00,1.16379,1.16397,1.16379,1.16397,59,0
2025-08-27T22:00:00+00:00,1.16379,1.16397,1.16379,1.1639650000000001,60,0
2025-08-27T22:00:00+00:00,1.16379,1.16397,1.16379,1.1639650000000001,60,1
2025-08-27T22:01:00+00:00,1.16395,1.16395,1.16395,1.16395,1,0
2025-08-27T22:01:00+00:00,1.16395,1.16395,1.16395,1.16395,2,0
2025-08-27T22:01:00+00:00,1.16395,1.16395,1.16395,1.16395,3,0
2025-08-27T22:01:00+00:00,1.16395,1.16398,1.16395,1.16398,4,0
2025-08-27T22:01:00+00:00,1.16395,1.16398,1.16395,1.16398,5,0
2025-08-27T22:01:00+00:00,1.16395,1.16398,1.16395,1.16398,6,0
2025-08-27T22:01:00+00:00,1.16395,1.16398,1.16395,1.16398,7,0
2025-08-27T22:01:00+00:00,1.16395,1.16398,1.16391,1.16391,8,0
2025-08-27T22:01:00+00:00,1.16395,1.16398,1.16391,1.1639249999999999,9,0
2025-08-27T22:01:00+00:00,1.16395,1.16398,1.16391,1.1639249999999999,10,0
2025-08-27T22:01:00+00:00,1.16395,1.16398,1.16391,1.16391,11,0
2025-08-27T22:01:00+00:00,1.16395,1.16398,1.163885,1.163885,12,0
2025-08-27T22:01:00+00:00,1.16395,1.16398,1.163885,1.163885,13,0
2025-08-27T22:01:00+00:00,1.16395,1.16398,1.163885,1.1638899999999999,14,0
2025-08-27T22:01:00+00:00,1.16395,1.16398,1.163885,1.163905,15,0
2025-08-27T22:01:00+00:00,1.16395,1.16398,1.163885,1.163905,16,0
2025-08-27T22:01:00+00:00,1.16395,1.16398,1.163885,1.163905,17,0
2025-08-27T22:01:00+00:00,1.16395,1.16398,1.163885,1.163905,18,0
2025-08-27T22:01:00+00:00,1.16395,1.16398,1.163885,1.163905,19,0
2025-08-27T22:01:00+00:00,1.16395,1.16398,1.163885,1.163905,20,0
2025-08-27T22:01:00+00:00,1.16395,1.16398,1.163885,1.16391,21,0
2025-08-27T22:01:00+00:00,1.16395,1.16398,1.163885,1.16391,22,0
2025-08-27T22:01:00+00:00,1.16395,1.16398,1.163885,1.16391,23,0
2025-08-27T22:01:00+00:00,1.16395,1.16398,1.163865,1.163865,24,0
2025-08-27T22:01:00+00:00,1.16395,1.16398,1.163865,1.1638700000000002,25,0
2025-08-27T22:01:00+00:00,1.16395,1.16398,1.163865,1.1638700000000002,26,0
2025-08-27T22:01:00+00:00,1.16395,1.16398,1.163865,1.1638700000000002,27,0
2025-08-27T22:01:00+00:00,1.16395,1.16398,1.163865,1.1638700000000002,28,0
2025-08-27T22:01:00+00:00,1.16395,1.16398,1.163865,1.1638700000000002,29,0
2025-08-27T22:01:00+00:00,1.16395,1.16398,1.163865,1.1638700000000002,30,0
2025-08-27T22:01:00+00:00,1.16395,1.16398,1.163865,1.163865,31,0
2025-08-27T22:01:00+00:00,1.16395,1.16398,1.163865,1.163865,32,0
2025-08-27T22:01:00+00:00,1.16395,1.16398,1.16385,1.16385,33,0
2025-08-27T22:01:00+00:00,1.16395,1.16398,1.1638350000000002,1.1638350000000002,34,0
2025-08-27T22:01:00+00:00,1.16395,1.16398,1.1638350000000002,1.1638350000000002,35,0
2025-08-27T22:01:00+00:00,1.16395,1.16398,1.1638350000000002,1.1638350000000002,36,0
2025-08-27T22:01:00+00:00,1.16395,1.16398,1.1638350000000002,1.1638350000000002,37,0
2025-08-27T22:01:00+00:00,1.16395,1.16398,1.1638350000000002,1.1638350000000002,38,0
2025-08-27T22:01:00+00:00,1.16395,1.16398,1.1638350000000002,1.1638350000000002,39,0
2025-08-27T22:01:00+00:00,1.16395,1.16398,1.1638350000000002,1.163845,40,0
2025-08-27T22:01:00+00:00,1.16395,1.16398,1.1638350000000002,1.163845,41,0
2025-08-27T22:01:00+00:00,1.16395,1.16398,1.1638350000000002,1.16385,42,0
2025-08-27T22:01:00+00:00,1.16395,1.16398,1.1638350000000002,1.163845,43,0
2025-08-27T22:01:00+00:00,1.16395,1.16398,1.1638350000000002,1.163845,44,0
2025-08-27T22:01:00+00:00,1.16395,1.16398,1.1638350000000002,1.163845,45,0
2025-08-27T22:01:00+00:00,1.16395,1.16398,1.1638350000000002,1.163845,46,0
2025-08-27T22:01:00+00:00,1.16395,1.16398,1.1638350000000002,1.163845,47,0
2025-08-27T22:01:00+00:00,1.16395,1.16398,1.1638350000000002,1.163845,48,0
2025-08-27T22:01:00+00:00,1.16395,1.16398,1.1638350000000002,1.1638549999999999,49,0
2025-08-27T22:01:00+00:00,1.16395,1.16398,1.1638350000000002,1.16387,50,0
2025-08-27T22:01:00+00:00,1.16395,1.16398,1.1638350000000002,1.16387,51,0
2025-08-27T22:01:00+00:00,1.16395,1.16398,1.1638350000000002,1.16387,52,0
2025-08-27T22:01:00+00:00,1.16395,1.16398,1.1638350000000002,1.163875,53,0
2025-08-27T22:01:00+00:00,1.16395,1.16398,1.1638350000000002,1.163875,54,0
2025-08-27T22:01:00+00:00,1.16395,1.16398,1.1638350000000002,1.16385,55,0
2025-08-27T22:01:00+00:00,1.16395,1.16398,1.1638350000000002,1.16384,56,0
2025-08-27T22:01:00+00:00,1.16395,1.16398,1.1638350000000002,1.16384,57,0
2025-08-27T22:01:00+00:00,1.16395,1.16398,1.1638350000000002,1.16384,58,0
2025-08-27T22:01:00+00:00,1.16395,1.16398,1.1638350000000002,1.16384,59,0
2025-08-27T22:01:00+00:00,1.16395,1.16398,1.1638350000000002,1.163845,60,0
2025-08-27T22:01:00+00:00,1.16395,1.16398,1.1638350000000002,1.163845,60,1
2025-08-27T22:02:00+00:00,1.1638549999999999,1.1638549999999999,1.1638549999999999,1.1638549999999999,1,0
2025-08-27T22:02:00+00:00,1.1638549999999999,1.1638549999999999,1.163835,1.163835,2,0
2025-08-27T22:02:00+00:00,1.1638549999999999,1.1638549999999999,1.16383,1.16383,3,0
2025-08-27T22:02:00+00:00,1.1638549999999999,1.1638549999999999,1.16383,1.16383,4,0
2025-08-27T22:02:00+00:00,1.1638549999999999,1.1638549999999999,1.16383,1.16383,5,0
2025-08-27T22:02:00+00:00,1.1638549999999999,1.1638549999999999,1.16383,1.16384,6,0
2025-08-27T22:02:00+00:00,1.1638549999999999,1.1638549999999999,1.16383,1.16384,7,0
2025-08-27T22:02:00+00:00,1.1638549999999999,1.1638549999999999,1.163825,1.163825,8,0
2025-08-27T22:02:00+00:00,1.1638549999999999,1.1638549999999999,1.163825,1.163825,9,0
2025-08-27T22:02:00+00:00,1.1638549999999999,1.1638549999999999,1.16382,1.16382,10,0
2025-08-27T22:02:00+00:00,1.1638549999999999,1.1638549999999999,1.163815,1.163815,11,0
2025-08-27T22:02:00+00:00,1.1638549999999999,1.1638549999999999,1.163815,1.163815,12,0
2025-08-27T22:02:00+00:00,1.1638549999999999,1.1638549999999999,1.163815,1.163815,13,0
2025-08-27T22:02:00+00:00,1.1638549999999999,1.1638549999999999,1.163795,1.163795,14,0
2025-08-27T22:02:00+00:00,1.1638549999999999,1.1638549999999999,1.1637849999999998,1.1637849999999998,15,0
2025-08-27T22:02:00+00:00,1.1638549999999999,1.1638549999999999,1.1637849999999998,1.16383,16,0
2025-08-27T22:02:00+00:00,1.1638549999999999,1.1638549999999999,1.1637849999999998,1.1638199999999999,17,0
2025-08-27T22:02:00+00:00,1.1638549999999999,1.1638549999999999,1.1637849999999998,1.1638199999999999,18,0
2025-08-27T22:02:00+00:00,1.1638549999999999,1.1638549999999999,1.1637849999999998,1.1638199999999999,19,0
2025-08-27T22:02:00+00:00,1.1638549999999999,1.1638549999999999,1.1637849999999998,1.1638199999999999,20,0
2025-08-27T22:02:00+00:00,1.1638549999999999,1.1638549999999999,1.1637849999999998,1.1638199999999999,21,0
2025-08-27T22:02:00+00:00,1.1638549999999999,1.1638549999999999,1.1637849999999998,1.1638199999999999,22,0
2025-08-27T22:02:00+00:00,1.1638549999999999,1.1638549999999999,1.1637849999999998,1.1638199999999999,23,0
2025-08-27T22:02:00+00:00,1.1638549999999999,1.1638549999999999,1.1637849999999998,1.1638199999999999,24,0
2025-08-27T22:02:00+00:00,1.1638549999999999,1.1638600000000001,1.1637849999999998,1.1638600000000001,25,0
2025-08-27T22:02:00+00:00,1.1638549999999999,1.1638600000000001,1.1637849999999998,1.1638600000000001,26,0
2025-08-27T22:02:00+00:00,1.1638549999999999,1.1638600000000001,1.1637849999999998,1.1638600000000001,27,0
2025-08-27T22:02:00+00:00,1.1638549999999999,1.1638600000000001,1.1637849999999998,1.1638600000000001,28,0
2025-08-27T22:02:00+00:00,1.1638549999999999,1.1638600000000001,1.1637849999999998,1.1638600000000001,29,0
2025-08-27T22:02:00+00:00,1.1638549999999999,1.1638600000000001,1.1637849999999998,1.1638600000000001,30,0
2025-08-27T22:02:00+00:00,1.1638549999999999,1.1638600000000001,1.1637849999999998,1.1638600000000001,31,0
2025-08-27T22:02:00+00:00,1.1638549999999999,1.1638600000000001,1.1637849999999998,1.1638600000000001,32,0
2025-08-27T22:02:00+00:00,1.1638549999999999,1.1638600000000001,1.1637849999999998,1.1638600000000001,33,0
2025-08-27T22:02:00+00:00,1.1638549999999999,1.1638600000000001,1.1637849999999998,1.16385,34,0
2025-08-27T22:02:00+00:00,1.1638549999999999,1.1638600000000001,1.1637849999999998,1.16385,35,0
2025-08-27T22:02:00+00:00,1.1638549999999999,1.1638600000000001,1.1637849999999998,1.16385,36,0
2025-08-27T22:02:00+00:00,1.1638549999999999,1.1638600000000001,1.1637849999999998,1.16385,37,0
2025-08-27T22:02:00+00:00,1.1638549999999999,1.1638600000000001,1.1637849999999998,1.16385,38,0
2025-08-27T22:02:00+00:00,1.1638549999999999,1.1638600000000001,1.1637849999999998,1.16385,39,0
2025-08-27T22:02:00+00:00,1.1638549999999999,1.1638600000000001,1.1637849999999998,1.16384,40,0
2025-08-27T22:02:00+00:00,1.1638549999999999,1.1638600000000001,1.1637849999999998,1.16384,41,0
2025-08-27T22:02:00+00:00,1.1638549999999999,1.1638600000000001,1.1637849999999998,1.16384,42,0
2025-08-27T22:02:00+00:00,1.1638549999999999,1.1638600000000001,1.1637849999999998,1.16384,43,0
2025-08-27T22:02:00+00:00,1.1638549999999999,1.1638600000000001,1.1637849999999998,1.16384,44,0
2025-08-27T22:02:00+00:00,1.1638549999999999,1.1638600000000001,1.1637849999999998,1.16384,45,0
2025-08-27T22:02:00+00:00,1.1638549999999999,1.1638600000000001,1.1637849999999998,1.16384,46,0
2025-08-27T22:02:00+00:00,1.1638549999999999,1.1638600000000001,1.1637849999999998,1.16384,47,0
2025-08-27T22:02:00+00:00,1.1638549999999999,1.1638600000000001,1.1637849999999998,1.16384,48,0
2025-08-27T22:02:00+00:00,1.1638549999999999,1.1638600000000001,1.1637849999999998,1.16384,49,0
2025-08-27T22:02:00+00:00,1.1638549999999999,1.1638600000000001,1.1637849999999998,1.16384,50,0
2025-08-27T22:02:00+00:00,1.1638549999999999,1.1638600000000001,1.1637849999999998,1.16384,51,0
2025-08-27T22:02:00+00:00,1.1638549999999999,1.1638600000000001,1.1637849999999998,1.16384,52,0
2025-08-27T22:02:00+00:00,1.1638549999999999,1.1638600000000001,1.1637849999999998,1.16384,53,0
2025-08-27T22:02:00+00:00,1.1638549999999999,1.1638600000000001,1.1637849999999998,1.16384,54,0
2025-08-27T22:02:00+00:00,1.1638549999999999,1.1638600000000001,1.1637849999999998,1.16384,55,0
2025-08-27T22:02:00+00:00,1.1638549999999999,1.1638600000000001,1.1637849999999998,1.16384,56,0
2025-08-27T22:02:00+00:00,1.1638549999999999,1.1638600000000001,1.1637849999999998,1.16384,57,0
2025-08-27T22:02:00+00:00,1.1638549999999999,1.1638600000000001,1.1637849999999998,1.16384,58,0
2025-08-27T22:02:00+00:00,1.1638549999999999,1.1638600000000001,1.1637849999999998,1.16384,59,0
2025-08-27T22:02:00+00:00,1.1638549999999999,1.1638600000000001,1.1637849999999998,1.163845,60,0
2025-08-27T22:02:00+00:00,1.1638549999999999,1.1638600000000001,1.1637849999999998,1.163845,61,0
2025-08-27T22:02:00+00:00,1.1638549999999999,1.1638600000000001,1.1637849999999998,1.163845,62,0
2025-08-27T22:02:00+00:00,1.1638549999999999,1.1638600000000001,1.1637849999999998,1.163845,63,0
2025-08-27T22:02:00+00:00,1.1638549999999999,1.1638600000000001,1.1637849999999998,1.163845,63,1
2025-08-27T22:03:00+00:00,1.163845,1.163845,1.163845,1.163845,1,0
2025-08-27T22:03:00+00:00,1.163845,1.163845,1.163845,1.163845,2,0
2025-08-27T22:03:00+00:00,1.163845,1.163845,1.163845,1.163845,3,0
2025-08-27T22:03:00+00:00,1.163845,1.163845,1.163845,1.163845,4,0
2025-08-27T22:03:00+00:00,1.163845,1.163845,1.163845,1.163845,5,0
2025-08-27T22:03:00+00:00,1.163845,1.163845,1.163845,1.163845,6,0
2025-08-27T22:03:00+00:00,1.163845,1.16385,1.163845,1.16385,7,0
2025-08-27T22:03:00+00:00,1.163845,1.16385,1.163845,1.16385,8,0
2025-08-27T22:03:00+00:00,1.163845,1.16385,1.163845,1.16385,9,0
2025-08-27T22:03:00+00:00,1.163845,1.16385,1.163845,1.16385,10,0
2025-08-27T22:03:00+00:00,1.163845,1.16385,1.163845,1.16385,11,0
2025-08-27T22:03:00+00:00,1.163845,1.16385,1.163845,1.16385,12,0
2025-08-27T22:03:00+00:00,1.163845,1.16385,1.163845,1.16385,13,0
2025-08-27T22:03:00+00:00,1.163845,1.16385,1.163845,1.16385,14,0
2025-08-27T22:03:00+00:00,1.163845,1.16385,1.163845,1.16385,15,0
2025-08-27T22:03:00+00:00,1.163845,1.16385,1.163845,1.16385,16,0
2025-08-27T22:03:00+00:00,1.163845,1.16385,1.163845,1.16385,17,0
2025-08-27T22:03:00+00:00,1.163845,1.16385,1.163845,1.16385,18,0
2025-08-27T22:03:00+00:00,1.163845,1.16385,1.163845,1.16385,19,0
2025-08-27T22:03:00+00:00,1.163845,1.16385,1.163845,1.16385,20,0
2025-08-27T22:03:00+00:00,1.163845,1.16385,1.163845,1.16385,21,0
2025-08-27T22:03:00+00:00,1.163845,1.16385,1.163845,1.16385,22,0
2025-08-27T22:03:00+00:00,1.163845,1.16385,1.163845,1.16385,23,0
2025-08-27T22:03:00+00:00,1.163845,1.16385,1.163845,1.16385,24,0
2025-08-27T22:03:00+00:00,1.163845,1.16385,1.163845,1.16385,25,0
2025-08-27T22:03:00+00:00,1.163845,1.16385,1.163845,1.16385,26,0
2025-08-27T22:03:00+00:00,1.163845,1.16385,1.163845,1.16385,27,0
2025-08-27T22:03:00+00:00,1.163845,1.16385,1.163845,1.16385,28,0
2025-08-27T22:03:00+00:00,1.163845,1.16385,1.163845,1.16385,29,0
2025-08-27T22:03:00+00:00,1.163845,1.16385,1.163845,1.16385,30,0
2025-08-27T22:03:00+00:00,1.163845,1.16385,1.163845,1.16385,31,0
2025-08-27T22:03:00+00:00,1.163845,1.16385,1.163845,1.16385,32,0
2025-08-27T22:03:00+00:00,1.163845,1.16385,1.163845,1.16385,33,0
2025-08-27T22:03:00+00:00,1.163845,1.16385,1.163845,1.16385,34,0
2025-08-27T22:03:00+00:00,1.163845,1.16385,1.163845,1.16385,35,0
2025-08-27T22:03:00+00:00,1.163845,1.16385,1.163845,1.16385,36,0
2025-08-27T22:03:00+00:00,1.163845,1.16385,1.1638350000000002,1.1638350000000002,37,0
2025-08-27T22:03:00+00:00,1.163845,1.16385,1.1638350000000002,1.1638350000000002,38,0
2025-08-27T22:03:00+00:00,1.163845,1.16385,1.1638350000000002,1.1638350000000002,39,0
2025-08-27T22:03:00+00:00,1.163845,1.16385,1.1638350000000002,1.1638350000000002,40,0
2025-08-27T22:03:00+00:00,1.163845,1.16385,1.16383,1.16383,41,0
2025-08-27T22:03:00+00:00,1.163845,1.16385,1.16383,1.16383,42,0
2025-08-27T22:03:00+00:00,1.163845,1.16385,1.16383,1.16383,43,0
2025-08-27T22:03:00+00:00,1.163845,1.16385,1.16383,1.16383,44,0
2025-08-27T22:03:00+00:00,1.163845,1.16385,1.16383,1.16383,45,0
2025-08-27T22:03:00+00:00,1.163845,1.16385,1.16383,1.1638350000000002,46,0
2025-08-27T22:03:00+00:00,1.163845,1.16385,1.1638199999999999,1.1638199999999999,47,0
2025-08-27T22:03:00+00:00,1.163845,1.16385,1.1638199999999999,1.1638199999999999,48,0
2025-08-27T22:03:00+00:00,1.163845,1.16385,1.1638199999999999,1.1638199999999999,49,0
2025-08-27T22:03:00+00:00,1.163845,1.16385,1.1638199999999999,1.1638199999999999,50,0
2025-08-27T22:03:00+00:00,1.163845,1.16385,1.1638199999999999,1.1638199999999999,51,0
2025-08-27T22:03:00+00:00,1.163845,1.1638899999999999,1.1638199999999999,1.1638899999999999,52,0
2025-08-27T22:03:00+00:00,1.163845,1.1638899999999999,1.1638199999999999,1.1638899999999999,53,0
2025-08-27T22:03:00+00:00,1.163845,1.1638899999999999,1.1638199999999999,1.1638899999999999,54,0
2025-08-27T22:03:00+00:00,1.163845,1.1638899999999999,1.1638199999999999,1.1638899999999999,55,0
2025-08-27T22:03:00+00:00,1.163845,1.1638899999999999,1.1638199999999999,1.1638899999999999,56,0
2025-08-27T22:03:00+00:00,1.163845,1.1638899999999999,1.1638199999999999,1.1638899999999999,57,0
2025-08-27T22:03:00+00:00,1.163845,1.1638899999999999,1.1638199999999999,1.1638899999999999,58,0
2025-08-27T22:03:00+00:00,1.163845,1.1638899999999999,1.1638199999999999,1.1638899999999999,58,1
2025-08-27T22:04:00+00:00,1.1638899999999999,1.1638899999999999,1.1638899999999999,1.1638899999999999,1,0
2025-08-27T22:04:00+00:00,1.1638899999999999,1.1638899999999999,1.1638899999999999,1.1638899999999999,2,0
2025-08-27T22:04:00+00:00,1.1638899999999999,1.1638899999999999,1.1638899999999999,1.1638899999999999,3,0
2025-08-27T22:04:00+00:00,1.1638899999999999,1.1638899999999999,1.1638899999999999,1.1638899999999999,4,0
2025-08-27T22:04:00+00:00,1.1638899999999999,1.1638899999999999,1.1638899999999999,1.1638899999999999,5,0
2025-08-27T22:04:00+00:00,1.1638899999999999,1.1638899999999999,1.1638899999999999,1.1638899999999999,6,0
2025-08-27T22:04:00+00:00,1.1638899999999999,1.1638899999999999,1.1638899999999999,1.1638899999999999,7,0
2025-08-27T22:04:00+00:00,1.1638899999999999,1.1638899999999999,1.1638899999999999,1.1638899999999999,8,0
2025-08-27T22:04:00+00:00,1.1638899999999999,1.1638899999999999,1.163885,1.163885,9,0
2025-08-27T22:04:00+00:00,1.1638899999999999,1.1638899999999999,1.163885,1.163885,10,0
2025-08-27T22:04:00+00:00,1.1638899999999999,1.1638899999999999,1.163885,1.163885,11,0
2025-08-27T22:04:00+00:00,1.1638899999999999,1.1638899999999999,1.163885,1.163885,12,0
2025-08-27T22:04:00+00:00,1.1638899999999999,1.1638899999999999,1.163885,1.163885,13,0
2025-08-27T22:04:00+00:00,1.1638899999999999,1.1638899999999999,1.163885,1.163885,14,0
2025-08-27T22:04:00+00:00,1.1638899999999999,1.1638899999999999,1.163885,1.163885,15,0
2025-08-27T22:04:00+00:00,1.1638899999999999,1.1638899999999999,1.163885,1.163885,16,0
2025-08-27T22:04:00+00:00,1.1638899999999999,1.1638899999999999,1.163885,1.163885,17,0
2025-08-27T22:04:00+00:00,1.1638899999999999,1.1638899999999999,1.163885,1.163885,18,0
2025-08-27T22:04:00+00:00,1.1638899999999999,1.1638899999999999,1.163885,1.163885,19,0
2025-08-27T22:04:00+00:00,1.1638899999999999,1.1638899999999999,1.163885,1.163885,20,0
2025-08-27T22:04:00+00:00,1.1638899999999999,1.1638899999999999,1.163885,1.163885,21,0
2025-08-27T22:04:00+00:00,1.1638899999999999,1.1638899999999999,1.163885,1.163885,22,0
2025-08-27T22:04:00+00:00,1.1638899999999999,1.1638899999999999,1.163885,1.163885,23,0
2025-08-27T22:04:00+00:00,1.1638899999999999,1.1638899999999999,1.163885,1.1638899999999999,24,0
2025-08-27T22:04:00+00:00,1.1638899999999999,1.1638899999999999,1.163885,1.1638899999999999,25,0
2025-08-27T22:04:00+00:00,1.1638899999999999,1.1638899999999999,1.163885,1.1638899999999999,26,0
2025-08-27T22:04:00+00:00,1.1638899999999999,1.1638899999999999,1.16388,1.16388,27,0
2025-08-27T22:04:00+00:00,1.1638899999999999,1.1638899999999999,1.16388,1.16388,28,0
2025-08-27T22:04:00+00:00,1.1638899999999999,1.1638899999999999,1.16388,1.16388,29,0
2025-08-27T22:04:00+00:00,1.1638899999999999,1.1638899999999999,1.16388,1.16388,30,0
2025-08-27T22:04:00+00:00,1.1638899999999999,1.1638899999999999,1.16388,1.16388,31,0
2025-08-27T22:04:00+00:00,1.1638899999999999,1.1638899999999999,1.16388,1.16388,32,0
2025-08-27T22:04:00+00:00,1.1638899999999999,1.1638899999999999,1.16388,1.16388,33,0
2025-08-27T22:04:00+00:00,1.1638899999999999,1.1638899999999999,1.16388,1.16388,34,0
2025-08-27T22:04:00+00:00,1.1638899999999999,1.1638899999999999,1.16388,1.16388,35,0
2025-08-27T22:04:00+00:00,1.1638899999999999,1.1638899999999999,1.16388,1.16388,36,0
2025-08-27T22:04:00+00:00,1.1638899999999999,1.1638899999999999,1.16388,1.16388,37,0
2025-08-27T22:04:00+00:00,1.1638899999999999,1.1638899999999999,1.16388,1.16388,38,0
2025-08-27T22:04:00+00:00,1.1638899999999999,1.1638899999999999,1.163845,1.163845,39,0
2025-08-27T22:04:00+00:00,1.1638899999999999,1.1638899999999999,1.163845,1.163845,40,0
2025-08-27T22:04:00+00:00,1.1638899999999999,1.1638899999999999,1.163845,1.163845,41,0
2025-08-27T22:04:00+00:00,1.1638899999999999,1.1638899999999999,1.163845,1.163845,42,0
2025-08-27T22:04:00+00:00,1.1638899999999999,1.1638899999999999,1.163845,1.163845,43,0
2025-08-27T22:04:00+00:00,1.1638899999999999,1.1638899999999999,1.163845,1.163845,44,0
2025-08-27T22:04:00+00:00,1.1638899999999999,1.1638899999999999,1.163845,1.163845,45,0
2025-08-27T22:04:00+00:00,1.1638899999999999,1.1638899999999999,1.163845,1.163845,46,0
2025-08-27T22:04:00+00:00,1.1638899999999999,1.1638899999999999,1.163845,1.163845,47,0
2025-08-27T22:04:00+00:00,1.1638899999999999,1.1638899999999999,1.163845,1.163845,48,0
2025-08-27T22:04:00+00:00,1.1638899999999999,1.1638899999999999,1.163845,1.163845,49,0
2025-08-27T22:04:00+00:00,1.1638899999999999,1.1638899999999999,1.163845,1.163845,50,0
2025-08-27T22:04:00+00:00,1.1638899999999999,1.1638899999999999,1.163845,1.163845,51,0
2025-08-27T22:04:00+00:00,1.1638899999999999,1.1638899999999999,1.163845,1.163845,52,0
2025-08-27T22:04:00+00:00,1.1638899999999999,1.1638899999999999,1.163845,1.163845,53,0
2025-08-27T22:04:00+00:00,1.1638899999999999,1.1638899999999999,1.163845,1.163845,54,0
2025-08-27T22:04:00+00:00,1.1638899999999999,1.1638899999999999,1.163845,1.163845,55,0
2025-08-27T22:04:00+00:00,1.1638899999999999,1.1638899999999999,1.163845,1.163845,56,0
2025-08-27T22:04:00+00:00,1.1638899999999999,1.1638899999999999,1.163845,1.163845,57,0
2025-08-27T22:04:00+00:00,1.1638899999999999,1.1638899999999999,1.163845,1.163845,58,0
2025-08-27T22:04:00+00:00,1.1638899999999999,1.1638899999999999,1.163845,1.163845,59,0
2025-08-27T22:04:00+00:00,1.1638899999999999,1.1638899999999999,1.163845,1.163845,59,1
2025-08-27T22:05:00+00:00,1.163845,1.163845,1.163845,1.163845,1,0
2025-08-27T22:05:00+00:00,1.163845,1.163845,1.163845,1.163845,2,0
2025-08-27T22:05:00+00:00,1.163845,1.163845,1.163845,1.163845,3,0
2025-08-27T22:05:00+00:00,1.163845,1.163845,1.163845,1.163845,4,0
2025-08-27T22:05:00+00:00,1.163845,1.163845,1.163845,1.163845,5,0
2025-08-27T22:05:00+00:00,1.163845,1.163845,1.163845,1.163845,6,0
2025-08-27T22:05:00+00:00,1.163845,1.163845,1.163845,1.163845,7,0
2025-08-27T22:05:00+00:00,1.163845,1.163845,1.163845,1.163845,8,0
2025-08-27T22:05:00+00:00,1.163845,1.163845,1.163845,1.163845,9,0
2025-08-27T22:05:00+00:00,1.163845,1.163845,1.163845,1.163845,10,0
2025-08-27T22:05:00+00:00,1.163845,1.163845,1.16384,1.16384,11,0
2025-08-27T22:05:00+00:00,1.163845,1.163845,1.16384,1.16384,12,0
2025-08-27T22:05:00+00:00,1.163845,1.163845,1.16384,1.16384,13,0
2025-08-27T22:05:00+00:00,1.163845,1.163845,1.16384,1.16384,14,0
2025-08-27T22:05:00+00:00,1.163845,1.163845,1.16384,1.16384,15,0
2025-08-27T22:05:00+00:00,1.163845,1.163845,1.16384,1.16384,16,0
2025-08-27T22:05:00+00:00,1.163845,1.163845,1.16384,1.16384,17,0
2025-08-27T22:05:00+00:00,1.163845,1.163845,1.16384,1.16384,18,0
2025-08-27T22:05:00+00:00,1.163845,1.163845,1.16384,1.16384,19,0
2025-08-27T22:05:00+00:00,1.163845,1.163845,1.16384,1.16384,20,0
2025-08-27T22:05:00+00:00,1.163845,1.163845,1.16384,1.16384,21,0
2025-08-27T22:05:00+00:00,1.163845,1.163845,1.16384,1.16384,22,0
2025-08-27T22:05:00+00:00,1.163845,1.163845,1.16384,1.16384,23,0
2025-08-27T22:05:00+00:00,1.163845,1.163845,1.16384,1.16384,24,0
2025-08-27T22:05:00+00:00,1.163845,1.163845,1.16384,1.163845,25,0
2025-08-27T22:05:00+00:00,1.163845,1.163845,1.16384,1.16384,26,0
2025-08-27T22:05:00+00:00,1.163845,1.163845,1.16384,1.16384,27,0
2025-08-27T22:05:00+00:00,1.163845,1.163845,1.16384,1.16384,28,0
2025-08-27T22:05:00+00:00,1.163845,1.163845,1.16384,1.16384,29,0
2025-08-27T22:05:00+00:00,1.163845,1.163845,1.16384,1.16384,30,0
2025-08-27T22:05:00+00:00,1.163845,1.163845,1.16384,1.16384,31,0
2025-08-27T22:05:00+00:00,1.163845,1.163845,1.16384,1.16384,32,0
2025-08-27T22:05:00+00:00,1.163845,1.163845,1.16384,1.16384,33,0
2025-08-27T22:05:00+00:00,1.163845,1.163845,1.16384,1.16384,34,0
2025-08-27T22:05:00+00:00,1.163845,1.163845,1.16384,1.16384,35,0
2025-08-27T22:05:00+00:00,1.163845,1.163845,1.16384,1.16384,36,0
2025-08-27T22:05:00+00:00,1.163845,1.163845,1.16384,1.16384,37,0
2025-08-27T22:05:00+00:00,1.163845,1.163845,1.16384,1.16384,38,0
2025-08-27T22:05:00+00:00,1.163845,1.163845,1.16384,1.16384,39,0
2025-08-27T22:05:00+00:00,1.163845,1.163845,1.16384,1.16384,40,0
2025-08-27T22:05:00+00:00,1.163845,1.163845,1.16384,1.16384,41,0
2025-08-27T22:05:00+00:00,1.163845,1.163845,1.16384,1.16384,42,0
2025-08-27T22:05:00+00:00,1.163845,1.163845,1.16384,1.16384,43,0
2025-08-27T22:05:00+00:00,1.163845,1.163845,1.16384,1.16384,44,0
2025-08-27T22:05:00+00:00,1.163845,1.163845,1.16384,1.16384,45,0
2025-08-27T22:05:00+00:00,1.163845,1.163845,1.16384,1.16384,46,0
2025-08-27T22:05:00+00:00,1.163845,1.163845,1.163835,1.163835,47,0
2025-08-27T22:05:00+00:00,1.163845,1.163845,1.163835,1.163835,48,0
2025-08-27T22:05:00+00:00,1.163845,1.163845,1.163835,1.163835,49,0
2025-08-27T22:05:00+00:00,1.163845,1.163845,1.163835,1.163835,50,0
2025-08-27T22:05:00+00:00,1.163845,1.163845,1.163835,1.163835,51,0
2025-08-27T22:05:00+00:00,1.163845,1.163845,1.163835,1.163835,52,0
2025-08-27T22:05:00+00:00,1.163845,1.163845,1.163835,1.163835,53,0
2025-08-27T22:05:00+00:00,1.163845,1.163845,1.163835,1.163835,54,0
2025-08-27T22:05:00+00:00,1.163845,1.163845,1.163835,1.163845,55,0
2025-08-27T22:05:00+00:00,1.163845,1.163845,1.163835,1.163845,56,0
2025-08-27T22:05:00+00:00,1.163845,1.163845,1.163835,1.163845,57,0
2025-08-27T22:05:00+00:00,1.163845,1.163845,1.163835,1.163845,58,0
2025-08-27T22:05:00+00:00,1.163845,1.163845,1.163835,1.163845,59,0
2025-08-27T22:05:00+00:00,1.163845,1.163845,1.163835,1.163845,59,1
2025-08-27T22:06:00+00:00,1.163885,1.163885,1.163885,1.163885,1,0
2025-08-27T22:06:00+00:00,1.163885,1.1638899999999999,1.163885,1.1638899999999999,2,0
2025-08-27T22:06:00+00:00,1.163885,1.1638899999999999,1.163885,1.1638899999999999,3,0
2025-08-27T22:06:00+00:00,1.163885,1.163935,1.163885,1.163935,4,0
2025-08-27T22:06:00+00:00,1.163885,1.16399,1.163885,1.16399,5,0
2025-08-27T22:06:00+00:00,1.163885,1.16399,1.163885,1.1639849999999998,6,0
2025-08-27T22:06:00+00:00,1.163885,1.16399,1.163885,1.1639849999999998,7,0
2025-08-27T22:06:00+00:00,1.163885,1.16399,1.163885,1.1639849999999998,8,0
2025-08-27T22:06:00+00:00,1.163885,1.16399,1.163885,1.1639849999999998,9,0
2025-08-27T22:06:00+00:00,1.163885,1.16399,1.163885,1.1639849999999998,10,0
2025-08-27T22:06:00+00:00,1.163885,1.16399,1.163885,1.1639849999999998,11,0
2025-08-27T22:06:00+00:00,1.163885,1.16399,1.163885,1.1639849999999998,12,0
2025-08-27T22:06:00+00:00,1.163885,1.16399,1.163885,1.1639849999999998,13,0
2025-08-27T22:06:00+00:00,1.163885,1.16399,1.163885,1.1639849999999998,14,0
2025-08-27T22:06:00+00:00,1.163885,1.16399,1.163885,1.1639849999999998,15,0
2025-08-27T22:06:00+00:00,1.163885,1.16399,1.163885,1.1639849999999998,16,0
2025-08-27T22:06:00+00:00,1.163885,1.16399,1.163885,1.1639849999999998,17,0
2025-08-27T22:06:00+00:00,1.163885,1.16399,1.163885,1.1639849999999998,18,0
2025-08-27T22:06:00+00:00,1.163885,1.16399,1.163885,1.16398,19,0
2025-08-27T22:06:00+00:00,1.163885,1.16399,1.163885,1.16398,20,0
2025-08-27T22:06:00+00:00,1.163885,1.16399,1.163885,1.16398,21,0
2025-08-27T22:06:00+00:00,1.163885,1.16399,1.163885,1.16398,22,0
2025-08-27T22:06:00+00:00,1.163885,1.16399,1.163885,1.16398,23,0
2025-08-27T22:06:00+00:00,1.163885,1.16399,1.163885,1.16398,24,0
2025-08-27T22:06:00+00:00,1.163885,1.16399,1.163885,1.16398,25,0
2025-08-27T22:06:00+00:00,1.163885,1.16399,1.163885,1.16398,26,0
2025-08-27T22:06:00+00:00,1.163885,1.16399,1.163885,1.16398,27,0
2025-08-27T22:06:00+00:00,1.163885,1.16399,1.163885,1.16398,28,0
2025-08-27T22:06:00+00:00,1.163885,1.16399,1.163885,1.16398,29,0
2025-08-27T22:06:00+00:00,1.163885,1.16399,1.163885,1.16398,30,0
2025-08-27T22:06:00+00:00,1.163885,1.16399,1.163885,1.16398,31,0
2025-08-27T22:06:00+00:00,1.163885,1.16399,1.163885,1.16398,32,0
2025-08-27T22:06:00+00:00,1.163885,1.16399,1.163885,1.16398,33,0
2025-08-27T22:06:00+00:00,1.163885,1.16399,1.163885,1.16398,34,0
2025-08-27T22:06:00+00:00,1.163885,1.16399,1.163885,1.1639849999999998,35,0
2025-08-27T22:06:00+00:00,1.163885,1.16399,1.163885,1.1639849999999998,36,0
2025-08-27T22:06:00+00:00,1.163885,1.16399,1.163885,1.1639849999999998,37,0
2025-08-27T22:06:00+00:00,1.163885,1.16399,1.163885,1.1639849999999998,38,0
2025-08-27T22:06:00+00:00,1.163885,1.16399,1.163885,1.1639849999999998,39,0
2025-08-27T22:06:00+00:00,1.163885,1.16399,1.163885,1.1639849999999998,40,0
2025-08-27T22:06:00+00:00,1.163885,1.16399,1.163885,1.16399,41,0
2025-08-27T22:06:00+00:00,1.163885,1.16399,1.163885,1.16399,42,0
2025-08-27T22:06:00+00:00,1.163885,1.16399,1.163885,1.16399,43,0
2025-08-27T22:06:00+00:00,1.163885,1.16399,1.163885,1.16399,44,0
2025-08-27T22:06:00+00:00,1.163885,1.16399,1.163885,1.16399,45,0
2025-08-27T22:06:00+00:00,1.163885,1.163995,1.163885,1.163995,46,0
2025-08-27T22:06:00+00:00,1.163885,1.163995,1.163885,1.163995,47,0
2025-08-27T22:06:00+00:00,1.163885,1.163995,1.163885,1.16399,48,0
2025-08-27T22:06:00+00:00,1.163885,1.163995,1.163885,1.16399,49,0
2025-08-27T22:06:00+00:00,1.163885,1.163995,1.163885,1.16399,50,0
2025-08-27T22:06:00+00:00,1.163885,1.163995,1.163885,1.16399,51,0
2025-08-27T22:06:00+00:00,1.163885,1.163995,1.163885,1.16399,52,0
2025-08-27T22:06:00+00:00,1.163885,1.163995,1.163885,1.16399,53,0
2025-08-27T22:06:00+00:00,1.163885,1.163995,1.163885,1.163995,54,0
2025-08-27T22:06:00+00:00,1.163885,1.163995,1.163885,1.163995,55,0
2025-08-27T22:06:00+00:00,1.163885,1.163995,1.163885,1.163995,56,0
2025-08-27T22:06:00+00:00,1.163885,1.163995,1.163885,1.163995,57,0
2025-08-27T22:06:00+00:00,1.163885,1.163995,1.163885,1.163995,58,0
2025-08-27T22:06:00+00:00,1.163885,1.163995,1.163885,1.163995,59,0
2025-08-27T22:06:00+00:00,1.163885,1.163995,1.163885,1.163995,60,0
2025-08-27T22:06:00+00:00,1.163885,1.163995,1.163885,1.163995,60,1
2025-08-27T22:07:00+00:00,1.16395,1.16395,1.16395,1.16395,1,0
2025-08-27T22:07:00+00:00,1.16395,1.16395,1.16395,1.16395,2,0
2025-08-27T22:07:00+00:00,1.16395,1.16395,1.16395,1.16395,3,0
2025-08-27T22:07:00+00:00,1.16395,1.16395,1.16395,1.16395,4,0
2025-08-27T22:07:00+00:00,1.16395,1.16395,1.163945,1.163945,5,0
2025-08-27T22:07:00+00:00,1.16395,1.16395,1.163945,1.163945,6,0
2025-08-27T22:07:00+00:00,1.16395,1.16395,1.163945,1.163945,7,0
2025-08-27T22:07:00+00:00,1.16395,1.16395,1.163945,1.163945,8,0
2025-08-27T22:07:00+00:00,1.16395,1.16395,1.163945,1.163945,9,0
2025-08-27T22:07:00+00:00,1.16395,1.16395,1.163945,1.163945,10,0
2025-08-27T22:07:00+00:00,1.16395,1.16395,1.163945,1.163945,11,0
2025-08-27T22:07:00+00:00,1.16395,1.16395,1.163945,1.16395,12,0
2025-08-27T22:07:00+00:00,1.16395,1.16395,1.163945,1.16395,13,0
2025-08-27T22:07:00+00:00,1.16395,1.16395,1.163945,1.16395,14,0
2025-08-27T22:07:00+00:00,1.16395,1.16395,1.163945,1.16395,15,0
2025-08-27T22:07:00+00:00,1.16395,1.1639599999999999,1.163945,1.1639599999999999,16,0
2025-08-27T22:07:00+00:00,1.16395,1.1639599999999999,1.163945,1.1639599999999999,17,0
2025-08-27T22:07:00+00:00,1.16395,1.1639599999999999,1.163945,1.1639599999999999,18,0
2025-08-27T22:07:00+00:00,1.16395,1.1639599999999999,1.163945,1.1639599999999999,19,0
2025-08-27T22:07:00+00:00,1.16395,1.1639599999999999,1.163945,1.1639599999999999,20,0
2025-08-27T22:07:00+00:00,1.16395,1.1639599999999999,1.163945,1.1639599999999999,21,0
2025-08-27T22:07:00+00:00,1.16395,1.1639599999999999,1.163945,1.1639599999999999,22,0
2025-08-27T22:07:00+00:00,1.16395,1.1639599999999999,1.163945,1.1639599999999999,23,0
2025-08-27T22:07:00+00:00,1.16395,1.1639599999999999,1.163945,1.1639599999999999,24,0
2025-08-27T22:07:00+00:00,1.16395,1.1639599999999999,1.163945,1.1639599999999999,25,0
2025-08-27T22:07:00+00:00,1.16395,1.1639599999999999,1.163945,1.1639599999999999,26,0
2025-08-27T22:07:00+00:00,1.16395,1.1639599999999999,1.163945,1.1639599999999999,27,0
2025-08-27T22:07:00+00:00,1.16395,1.1639599999999999,1.163945,1.1639599999999999,28,0
2025-08-27T22:07:00+00:00,1.16395,1.1639599999999999,1.163945,1.1639599999999999,29,0
2025-08-27T22:07:00+00:00,1.16395,1.1639599999999999,1.163945,1.1639599999999999,30,0
2025-08-27T22:07:00+00:00,1.16395,1.1639599999999999,1.163945,1.1639599999999999,31,0
2025-08-27T22:07:00+00:00,1.16395,1.1639599999999999,1.163945,1.1639599999999999,32,0
2025-08-27T22:07:00+00:00,1.16395,1.1639599999999999,1.163945,1.1639599999999999,33,0
2025-08-27T22:07:00+00:00,1.16395,1.1639599999999999,1.163945,1.1639599999999999,34,0
2025-08-27T22:07:00+00:00,1.16395,1.1639599999999999,1.163945,1.1639599999999999,35,0
2025-08-27T22:07:00+00:00,1.16395,1.1639599999999999,1.163945,1.1639599999999999,36,0
2025-08-27T22:07:00+00:00,1.16395,1.1639599999999999,1.163945,1.1639599999999999,37,0
2025-08-27T22:07:00+00:00,1.16395,1.1639599999999999,1.163945,1.1639599999999999,38,0
2025-08-27T22:07:00+00:00,1.16395,1.1639599999999999,1.163945,1.1639599999999999,39,0
2025-08-27T22:07:00+00:00,1.16395,1.1639599999999999,1.163945,1.1639599999999999,40,0
2025-08-27T22:07:00+00:00,1.16395,1.1639599999999999,1.163945,1.1639599999999999,41,0
2025-08-27T22:07:00+00:00,1.16395,1.1639599999999999,1.163945,1.1639599999999999,42,0
2025-08-27T22:07:00+00:00,1.16395,1.1639599999999999,1.163945,1.1639599999999999,43,0
2025-08-27T22:07:00+00:00,1.16395,1.1639599999999999,1.163945,1.1639599999999999,44,0
2025-08-27T22:07:00+00:00,1.16395,1.1639599999999999,1.163945,1.1639599999999999,45,0
2025-08-27T22:07:00+00:00,1.16395,1.16397,1.163945,1.16397,46,0
2025-08-27T22:07:00+00:00,1.16395,1.16397,1.163945,1.16397,47,0
2025-08-27T22:07:00+00:00,1.16395,1.16407,1.163945,1.16407,48,0
2025-08-27T22:07:00+00:00,1.16395,1.16407,1.163945,1.16406,49,0
2025-08-27T22:07:00+00:00,1.16395,1.16407,1.163945,1.16406,50,0
2025-08-27T22:07:00+00:00,1.16395,1.16407,1.163945,1.16406,51,0
2025-08-27T22:07:00+00:00,1.16395,1.16407,1.163945,1.16406,52,0
2025-08-27T22:07:00+00:00,1.16395,1.16407,1.163945,1.16406,53,0
2025-08-27T22:07:00+00:00,1.16395,1.16407,1.163945,1.16406,54,0
2025-08-27T22:07:00+00:00,1.16395,1.16407,1.163945,1.16406,55,0
2025-08-27T22:07:00+00:00,1.16395,1.16407,1.163945,1.16406,56,0
2025-08-27T22:07:00+00:00,1.16395,1.16407,1.163945,1.16406,57,0
2025-08-27T22:07:00+00:00,1.16395,1.16407,1.163945,1.16406,58,0
2025-08-27T22:07:00+00:00,1.16395,1.16407,1.163945,1.16407,59,0
2025-08-27T22:07:00+00:00,1.16395,1.16407,1.163945,1.16407,60,0
2025-08-27T22:07:00+00:00,1.16395,1.16407,1.163945,1.16407,61,0
2025-08-27T22:07:00+00:00,1.16395,1.16407,1.163945,1.16407,62,0
2025-08-27T22:07:00+00:00,1.16395,1.16407,1.163945,1.16407,62,1
2025-08-27T22:08:00+00:00,1.164075,1.164075,1.164075,1.164075,1,0
2025-08-27T22:08:00+00:00,1.164075,1.164075,1.164075,1.164075,2,0
2025-08-27T22:08:00+00:00,1.164075,1.164075,1.164075,1.164075,3,0
2025-08-27T22:08:00+00:00,1.164075,1.164075,1.164075,1.164075,4,0
